1280 720
Calibración estéreo completada
K_right: [2.64248780e+03 0.00000000e+00 5.85925988e+02 0.00000000e+00
 2.62840791e+03 4.71916590e+02 0.00000000e+00 0.00000000e+00
 1.00000000e+00]
dist_right: [ 8.39448862e-01 -2.12398356e+01  2.20130035e-02 -3.08554686e-02
  1.78744358e+02]
K_left: [2.52216398e+03 0.00000000e+00 6.23656486e+02 0.00000000e+00
 2.53956360e+03 2.19192629e+02 0.00000000e+00 0.00000000e+00
 1.00000000e+00]
dist_left: [-6.10517051e-01  1.90179333e+01 -1.80035815e-02  5.42699927e-03
 -1.93700545e+02]
R: [ 0.98776074 -0.01058731  0.15561693 -0.00694679  0.99371758  0.111701
 -0.15582189 -0.1114149   0.98148166]
T: [-37.4093226    0.39712402   4.61500234]
